1789913883 28128 1
1789913885 28128 1
1789913887 28164 1
1789913889 28164 1
1789913891 38084 2
1789913893 38248 2
1789913895 38324 2
1789913897 82152 2
1789913899 107652 3
1789913901 38364 2
1789913903 38476 2
1789913905 38516 2
1789913907 38508 2
1789913909 38580 2
1789913911 38584 2
1789913913 169784 3
1789913915 38624 2
1789913917 38636 2
1789913919 38652 2
1789913921 38696 2
1789913923 38704 2
1789913925 38704 2
1789913927 38720 2
1789913929 38728 2
1789913931 38732 2
1789913933 38776 2
1789913935 38748 2
1789913937 38820 2
1789913939 38824 2
1789913941 38816 2
1789913943 38836 2
1789913945 38844 2
1789913947 29236 1
1789913949 29236 1
1789913951 29240 1
1789913953 29240 1
1789913955 38880 2
1789913957 38888 2
1789913959 38884 2
1789913961 38900 2
1789913963 38892 2
1789913965 38844 2
1789913967 38856 2
1789913969 38912 2
1789913971 38912 2
1789913973 38876 2
1789913975 38876 2
1789913977 38916 2
1789913979 38948 2
1789913981 38952 2
1789913983 38940 2
1789913985 38940 2
1789913987 38940 2
1789913989 38976 2
1789913991 38984 2
1789913993 38980 2
1789913995 38984 2
1789913997 38988 2
1789913999 39016 2
1789914001 38976 2
1789914003 39004 2
1789914005 39032 2
1789914007 29416 1
