1789915254 27796 1
1789915256 27852 1
1789915258 28000 1
1789915260 37724 2
1789915262 37724 2
1789915264 37724 2
1789915266 37724 2
1789915268 37732 2
1789915270 28248 1
1789915272 28248 1
1789915274 28248 1
1789915276 28248 1
1789915278 28248 1
1789915280 28248 1
1789915283 28248 1
1789915285 28248 1
1789915287 28248 1
1789915289 28248 1
1789915291 28248 1
1789915293 28248 1
1789915295 28248 1
1789915297 28248 1
1789915299 28248 1
1789915301 28248 1
1789915303 28248 1
1789915305 28248 1
1789915307 28248 1
1789915309 28248 1
1789915311 28248 1
1789915313 28248 1
1789915315 28248 1
1789915317 28248 1
1789915319 28248 1
1789915321 28248 1
1789915323 28248 1
1789915325 28248 1
1789915327 28248 1
1789915329 28248 1
1789915331 28248 1
1789915333 28248 1
1789915335 28248 1
1789915337 28248 1
1789915339 28248 1
1789915341 28248 1
1789915343 28248 1
1789915345 28248 1
1789915347 28248 1
1789915349 28248 1
1789915351 28248 1
1789915353 28248 1
1789915355 28248 1
1789915357 28248 1
1789915359 28248 1
1789915361 28248 1
1789915363 28248 1
1789915365 28248 1
1789915367 28248 1
1789915369 28248 1
1789915371 28248 1
1789915373 28248 1
1789915375 28248 1
1789915377 28248 1
1789915379 28248 1
1789915381 28248 1
1789915383 28248 1
1789915385 28248 1
1789915387 28248 1
1789915389 28248 1
1789915391 28248 1
1789915393 28248 1
1789915395 28248 1
1789915397 28248 1
1789915399 28248 1
1789915401 28248 1
1789915403 28248 1
1789915405 28248 1
1789915407 28248 1
1789915409 28248 1
1789915411 28248 1
1789915413 28248 1
1789915415 28248 1
1789915417 28248 1
1789915419 28248 1
1789915421 28248 1
1789915423 28248 1
1789915425 28248 1
1789915427 28248 1
1789915429 28248 1
1789915431 28248 1
1789915433 28248 1
1789915435 28248 1
1789915437 28248 1
1789915439 28248 1
1789915441 28248 1
1789915443 28248 1
1789915445 28248 1
1789915447 28248 1
1789915449 28248 1
1789915451 28248 1
1789915453 28248 1
1789915455 28248 1
1789915457 28248 1
1789915459 28248 1
1789915461 28248 1
1789915463 28248 1
1789915465 28248 1
1789915467 28248 1
1789915469 28248 1
1789915471 28248 1
1789915473 28248 1
1789915475 28248 1
1789915477 28248 1
1789915479 28248 1
1789915481 28248 1
1789915483 28248 1
1789915485 28248 1
1789915487 28248 1
1789915489 28248 1
1789915491 28248 1
1789915493 28248 1
1789915495 28248 1
1789915497 28248 1
1789915499 28248 1
1789915501 28248 1
1789915504 28248 1
1789915506 28248 1
1789915508 28248 1
1789915510 28248 1
1789915512 28248 1
1789915514 28248 1
1789915516 28248 1
1789915518 28248 1
1789915520 28248 1
1789915522 28248 1
1789915524 28248 1
1789915526 28248 1
1789915528 28248 1
1789915530 28248 1
1789915532 28248 1
1789915534 28248 1
1789915536 28248 1
1789915538 28248 1
1789915540 28248 1
1789915542 28248 1
1789915544 28248 1
1789915546 28248 1
1789915548 28248 1
1789915550 28248 1
1789915552 28248 1
1789915554 28248 1
1789915556 28248 1
1789915558 28248 1
1789915560 28248 1
1789915562 28248 1
1789915564 28248 1
1789915566 28248 1
1789915568 28248 1
1789915570 28248 1
1789915572 28248 1
1789915574 28248 1
1789915576 28248 1
1789915578 28248 1
1789915580 28248 1
1789915582 28248 1
1789915584 28248 1
