1789914017 1890364 24
1789914019 1892024 24
1789914022 1892052 24
1789914024 1892052 24
1789914026 2009012 24
1789914028 2291332 26
1789914030 2330604 26
1789914032 2480016 26
1789914034 2466132 26
1789914036 2478488 26
1789914039 2579184 26
1789914041 2584600 26
1789914043 2687396 26
1789914045 2676712 26
1789914047 2796584 26
1789914049 2761868 26
1789914051 2727584 26
1789914053 2811324 26
1789914056 2932736 26
1789914058 3056596 26
1789914060 3020068 26
1789914062 3025516 26
1789914064 3187784 26
1789914066 3250572 26
1789914068 3361000 26
1789914071 3378404 26
1789914073 3450136 26
1789914075 3426892 26
1789914077 3554284 26
1789914079 3524828 26
1789914082 3596080 26
1789914084 3561236 26
1789914086 3528344 26
1789914088 3532604 26
1789914090 3502436 26
1789914092 3507344 26
1789914094 3507440 26
1789914096 3514248 26
1789914098 3522260 26
1789914101 3489908 26
1789914103 3497176 26
1789914105 3500460 26
1789914107 3461212 26
1789914109 3463644 26
1789914111 3467360 26
1789914113 3469488 26
1789914115 3477696 26
1789914117 3479712 26
1789914119 3485108 26
1789914121 3486420 26
1789914123 3490736 26
1789914126 3497168 26
1789914128 3502632 26
1789914130 3506984 26
1789914132 3509216 26
1789914134 3515264 26
1789914136 3517748 26
1789914138 3526372 26
1789914140 3532484 26
1789914142 3539664 26
1789914144 3545392 26
1789914146 3548084 26
1789914148 3552508 26
1789914150 3558212 26
1789914152 3561864 26
1789914154 3561880 26
1789914156 3562072 26
1789914158 3562072 26
1789914160 3562512 26
1789914162 3565720 26
1789914164 3570340 26
1789914166 3573084 26
1789914168 3574528 26
1789914170 3578588 26
1789914172 3580580 26
1789914174 3582620 26
1789914176 3584136 26
1789914178 3588640 26
1789914180 3591748 26
1789914182 3596868 26
1789914184 3598420 26
1789914186 3600948 26
1789914188 3601700 26
1789914190 3602048 26
1789914192 3604616 26
1789914194 3604968 26
1789914196 3607952 26
1789914198 3614204 26
1789914200 3615872 26
1789914202 3617696 26
1789914204 3619516 26
1789914206 3624560 26
1789914208 3629428 26
1789914210 3630124 26
1789914212 3631912 26
1789914214 3635920 26
1789914216 3636372 26
